numofNodes: 16
numofPeriods: 2
VehicleNum: 4
VehicleCapacity: 970
Node	X    Y      InvCost  	 InitialInv  	MinLevelInv	MaxLevelInv	Demand0     Demand1     
0	323	121	0.48	722	0	2762	699	964	
1	268	313	0.67	25	0	126	10	42	
2	193	227	0.67	49	0	249	14	83	
3	409	424	0.67	51	0	170	59	85	
4	196	3	0.67	41	0	207	69	10	
5	366	192	0.54	51	0	170	85	32	
6	283	86	0.78	57	0	190	40	95	
7	270	233	0.69	44	0	147	49	40	
8	472	126	0.55	38	0	192	25	96	
9	136	251	0.74	21	0	108	23	36	
10	494	206	0.58	69	0	231	73	77	
11	235	162	0.8	55	0	186	55	93	
12	206	300	0.68	74	0	249	82	83	
13	126	49	0.51	61	0	204	19	68	
14	348	303	0.52	60	0	201	30	67	
15	355	147	0.6	26	0	132	66	57	
CostMatrix
0 199 167 314 173 83 53 123 149 227 190 97 213 209 183 41 
199 0 114 179 318 155 227 80 276 145 250 154 63 299 80 187 
167 114 0 292 224 176 167 77 296 61 301 77 74 190 172 180 
314 179 292 0 471 235 360 236 304 323 233 314 237 469 135 282 
173 318 224 471 0 254 120 241 302 255 360 163 297 83 336 214 
83 155 176 235 254 0 134 104 124 237 128 134 193 279 112 46 
53 227 167 360 120 134 0 147 193 220 242 89 227 161 226 94 
123 80 77 236 241 104 147 0 228 135 225 79 92 233 104 120 
149 276 296 304 302 124 193 228 0 358 82 239 317 354 216 118 
227 145 61 323 255 237 220 135 358 0 360 133 85 202 218 242 
190 250 301 233 360 128 242 225 82 360 0 262 302 400 175 151 
97 154 77 314 163 134 89 79 239 133 262 0 141 157 180 120 
213 63 74 237 297 193 227 92 317 85 302 141 0 263 142 213 
209 299 190 469 83 279 161 233 354 202 400 157 263 0 337 249 
183 80 172 135 336 112 226 104 216 218 175 180 142 337 0 156 
41 187 180 282 214 46 94 120 118 242 151 120 213 249 156 0 
