numofNodes: 11
numofPeriods: 2
VehicleNum: 3
VehicleCapacity: 570
Node	X    Y      InvCost  	 InitialInv  	MinLevelInv	MaxLevelInv	Demand0     Demand1     
0	395	240	0.43	381	0	1527	561	479	
1	146	483	0.73	36	0	180	49	90	
2	127	296	0.8	35	0	176	43	88	
3	9	287	0.77	90	0	300	100	28	
4	208	82	0.52	42	0	142	66	71	
5	380	29	0.52	35	0	118	59	36	
6	500	495	0.61	17	0	87	29	14	
7	180	431	0.52	42	0	140	70	34	
8	236	268	0.74	36	0	184	63	92	
9	315	421	0.65	21	0	108	36	15	
10	115	487	0.55	27	0	92	46	11	
CostMatrix
0 347 273 388 244 211 275 287 161 197 373 
347 0 187 239 405 510 354 62 233 180 31 
273 187 0 118 228 367 422 145 112 225 191 
388 239 118 0 285 451 533 223 227 334 226 
244 405 228 285 0 179 505 350 188 355 415 
211 510 367 451 179 0 481 449 279 397 529 
275 354 422 533 505 481 0 326 348 199 385 
287 62 145 223 350 449 326 0 172 135 85 
161 233 112 227 188 279 348 172 0 172 250 
197 180 225 334 355 397 199 135 172 0 210 
373 31 191 226 415 529 385 85 250 210 0 
