numofNodes: 11
numofPeriods: 2
VehicleNum: 5
VehicleCapacity: 630
Node	X    Y      InvCost  	 InitialInv  	MinLevelInv	MaxLevelInv	Demand0     Demand1     
0	480	386	0.17	438	0	1666	621	451	
1	98	105	0.8	55	0	184	92	21	
2	5	399	0.5	58	0	196	98	43	
3	198	466	0.72	38	0	194	21	97	
4	430	455	0.53	21	0	106	53	20	
5	87	199	0.53	54	0	180	90	52	
6	112	285	0.54	52	0	174	87	58	
7	478	276	0.76	16	0	80	17	40	
8	85	313	0.59	39	0	198	45	66	
9	227	448	0.71	40	0	135	45	22	
10	277	253	0.68	65	0	219	73	32	
CostMatrix
0 474 475 293 85 435 381 110 401 260 242 
474 0 308 374 482 94 180 416 208 366 232 
475 308 0 204 428 216 156 488 117 227 308 
293 374 204 0 232 289 200 338 190 34 227 
85 482 428 232 0 428 360 185 373 203 253 
435 94 216 289 428 0 89 398 114 285 197 
381 180 156 200 360 89 0 366 38 199 168 
110 416 488 338 185 398 366 0 394 304 202 
401 208 117 190 373 114 38 394 0 195 201 
260 366 227 34 203 285 199 304 195 0 201 
242 232 308 227 253 197 168 202 201 201 0 
