numofNodes: 16
numofPeriods: 6
VehicleNum: 8
VehicleCapacity: 990
Node	X    Y      InvCost  	 InitialInv  	MinLevelInv	MaxLevelInv	Demand0     Demand1     Demand2     Demand3     Demand4     Demand5     
0	376	86	0.36	871	0	3294	983	782	792	878	862	703	
1	317	271	0.54	60	0	200	58	50	14	47	89	100	
2	432	331	0.61	40	0	200	43	22	33	100	72	45	
3	208	160	0.63	59	0	198	45	98	99	89	30	37	
4	243	48	0.5	80	0	267	89	40	80	13	45	13	
5	120	455	0.54	88	0	294	93	87	98	97	37	44	
6	389	477	0.6	59	0	297	94	27	72	35	99	49	
7	380	4	0.63	34	0	172	86	64	85	39	78	14	
8	462	150	0.78	82	0	276	92	11	42	70	73	43	
9	214	499	0.67	46	0	154	38	54	48	48	77	13	
10	261	443	0.55	40	0	200	75	34	48	100	34	28	
11	295	147	0.62	72	0	243	24	10	27	50	39	81	
12	291	244	0.53	50	0	252	45	84	24	20	36	59	
13	342	335	0.65	56	0	188	76	94	32	82	26	54	
14	251	286	0.68	51	0	170	85	68	40	44	66	80	
15	468	4	0.77	54	0	183	40	39	50	44	61	43	
CostMatrix
0 194 251 183 138 449 391 82 107 443 375 101 179 251 235 123 
194 0 129 155 234 269 218 274 188 250 180 125 37 68 67 306 
251 129 0 281 340 335 152 331 183 275 204 229 165 90 186 328 
183 155 281 0 117 307 365 232 254 339 287 87 118 220 133 303 
138 234 340 117 0 425 453 143 241 451 395 111 201 303 238 229 
449 269 335 307 425 0 269 520 458 103 141 354 271 252 213 569 
391 218 152 365 453 269 0 473 335 176 132 343 252 149 235 479 
82 274 331 232 143 520 473 0 167 522 454 166 255 333 310 88 
107 188 183 254 241 458 335 167 0 428 355 167 195 220 251 146 
443 250 275 339 451 103 176 522 428 0 73 361 266 208 216 556 
375 180 204 287 395 141 132 454 355 73 0 297 201 135 157 485 
101 125 229 87 111 354 343 166 167 361 297 0 97 193 145 224 
179 37 165 118 201 271 252 255 195 266 201 97 0 104 58 298 
251 68 90 220 303 252 149 333 220 208 135 193 104 0 103 354 
235 67 186 133 238 213 235 310 251 216 157 145 58 103 0 355 
123 306 328 303 229 569 479 88 146 556 485 224 298 354 355 0 
