numofNodes: 11
numofPeriods: 5
VehicleNum: 3
VehicleCapacity: 690
Node	X    Y      InvCost  	 InitialInv  	MinLevelInv	MaxLevelInv	Demand0     Demand1     Demand2     Demand3     Demand4     
0	152	210	0.31	521	0	2201	461	586	657	519	688	
1	415	259	0.78	34	0	170	60	42	85	43	77	
2	143	142	0.54	29	0	98	18	43	49	19	36	
3	499	257	0.71	88	0	294	95	86	75	98	97	
4	312	292	0.63	40	0	201	12	22	28	47	67	
5	164	500	0.75	84	0	282	47	94	35	10	59	
6	31	299	0.72	54	0	270	86	90	55	45	81	
7	166	340	0.56	55	0	279	24	90	93	54	91	
8	325	470	0.77	51	0	172	19	26	86	62	80	
9	347	209	0.58	34	0	174	86	39	64	87	23	
10	402	466	0.63	52	0	261	14	54	87	54	77	
CostMatrix
0 267 68 350 179 290 150 130 312 195 357 
267 0 296 84 108 347 386 261 229 84 207 
68 296 0 374 225 358 192 199 375 214 414 
350 84 374 0 190 413 469 343 275 159 230 
179 108 225 190 0 255 281 153 178 90 195 
290 347 358 413 255 0 241 160 163 343 240 
150 386 192 469 281 241 0 141 340 328 406 
130 261 199 343 153 160 141 0 205 223 267 
312 229 375 275 178 163 340 205 0 261 77 
195 84 214 159 90 343 328 223 261 0 262 
357 207 414 230 195 240 406 267 77 262 0 
