numofNodes: 16
numofPeriods: 6
VehicleNum: 4
VehicleCapacity: 1010
Node	X    Y      InvCost  	 InitialInv  	MinLevelInv	MaxLevelInv	Demand0     Demand1     Demand2     Demand3     Demand4     Demand5     
0	106	147	0.48	821	0	3095	965	896	746	790	789	1006	
1	435	38	0.73	58	0	291	92	97	25	60	81	73	
2	67	154	0.59	39	0	198	45	44	80	45	52	99	
3	273	167	0.64	29	0	148	74	49	42	74	52	51	
4	401	185	0.79	58	0	196	24	98	45	67	20	36	
5	10	447	0.62	52	0	174	43	44	23	87	25	83	
6	5	75	0.62	59	0	198	68	94	30	37	99	42	
7	19	389	0.77	37	0	186	62	92	20	93	46	30	
8	126	8	0.52	56	0	188	44	73	94	42	79	55	
9	38	367	0.51	58	0	194	69	11	76	26	97	94	
10	419	421	0.75	38	0	194	97	63	46	15	38	73	
11	187	264	0.67	78	0	261	34	53	33	27	74	87	
12	463	154	0.79	79	0	264	79	69	73	88	38	52	
13	470	462	0.78	87	0	291	97	19	55	53	10	83	
14	221	246	0.78	37	0	124	43	49	36	58	45	62	
15	415	161	0.79	56	0	188	94	41	68	18	33	86	
CostMatrix
0 346 39 168 297 314 124 257 140 230 415 142 357 481 151 309 
346 0 385 207 150 589 431 544 310 515 383 335 119 425 298 124 
39 385 0 206 335 298 100 239 157 214 441 162 396 507 179 348 
168 207 206 0 129 384 283 337 216 308 292 129 190 354 94 142 
297 150 335 129 0 470 410 433 327 406 236 228 69 285 190 27 
314 589 298 384 470 0 372 58 454 84 409 254 539 460 291 495 
124 431 100 283 410 372 0 314 138 293 539 262 464 604 275 418 
257 544 239 337 433 58 314 0 395 29 401 209 502 456 247 456 
140 310 157 216 327 454 138 395 0 369 506 263 367 569 256 327 
230 515 214 308 406 84 293 29 369 0 384 181 475 442 219 429 
415 383 441 292 236 409 539 401 506 384 0 280 270 65 264 260 
142 335 162 129 228 254 262 209 263 181 280 0 297 345 38 250 
357 119 396 190 69 539 464 502 367 475 270 297 0 308 258 48 
481 425 507 354 285 460 604 456 569 442 65 345 308 0 329 305 
151 298 179 94 190 291 275 247 256 219 264 38 258 329 0 211 
309 124 348 142 27 495 418 456 327 429 260 250 48 305 211 0 
