numofNodes: 11
numofPeriods: 9
VehicleNum: 5
VehicleCapacity: 680
Node	X    Y      InvCost  	 InitialInv  	MinLevelInv	MaxLevelInv	Demand0     Demand1     Demand2     Demand3     Demand4     Demand5     Demand6     Demand7     Demand8     
0	422	71	0.21	649	0	2447	664	613	563	346	677	452	584	301	540	
1	416	182	0.8	51	0	255	85	73	48	15	66	79	27	58	72	
2	74	442	0.68	58	0	291	97	88	39	69	92	89	33	21	84	
3	234	228	0.68	60	0	200	92	61	40	79	100	59	58	30	19	
4	392	456	0.68	89	0	297	71	79	99	36	94	31	97	45	39	
5	490	416	0.55	86	0	288	70	16	96	20	13	30	89	17	18	
6	298	496	0.55	88	0	294	98	55	31	29	92	21	32	12	79	
7	110	335	0.62	51	0	172	24	85	30	43	86	40	12	59	40	
8	296	144	0.76	47	0	158	45	50	76	10	58	23	72	21	79	
9	230	253	0.76	56	0	282	42	89	54	18	46	21	94	19	91	
10	409	470	0.8	63	0	210	40	17	50	27	30	59	70	19	19	
CostMatrix
0 111 508 244 386 351 442 408 145 264 399 
111 0 429 187 275 245 335 342 125 199 288 
508 429 0 267 318 416 230 112 371 245 336 
244 187 267 0 277 317 275 163 104 25 298 
386 275 318 277 0 105 102 306 326 259 22 
351 245 416 317 105 0 208 388 334 306 97 
442 335 230 275 102 208 0 247 352 252 114 
408 342 112 163 306 388 247 0 266 145 328 
145 125 371 104 326 334 352 266 0 127 345 
264 199 245 25 259 306 252 145 127 0 281 
399 288 336 298 22 97 114 328 345 281 0 
