numofNodes: 16
numofPeriods: 3
VehicleNum: 4
VehicleCapacity: 950
Node	X    Y      InvCost  	 InitialInv  	MinLevelInv	MaxLevelInv	Demand0     Demand1     Demand2     
0	440	111	0.25	663	0	2904	727	898	946	
1	209	395	0.6	58	0	294	64	11	98	
2	300	127	0.65	36	0	180	22	63	90	
3	199	203	0.6	32	0	162	81	40	78	
4	205	336	0.73	90	0	300	47	100	81	
5	298	482	0.74	26	0	132	63	61	66	
6	452	155	0.69	38	0	190	26	75	95	
7	367	210	0.78	32	0	162	17	81	55	
8	360	385	0.63	40	0	136	31	68	63	
9	256	315	0.61	51	0	258	58	58	86	
10	238	21	0.68	10	0	54	17	27	27	
11	308	383	0.79	45	0	225	75	39	37	
12	253	404	0.77	46	0	154	11	67	77	
13	108	468	0.68	26	0	132	47	66	30	
14	276	84	0.74	46	0	234	78	45	20	
15	148	295	0.59	87	0	291	90	97	43	
CostMatrix
0 366 140 257 325 397 45 123 285 274 221 302 347 487 166 345 
366 0 283 192 59 124 341 243 151 92 375 99 44 124 318 117 
140 283 0 126 229 355 154 106 264 193 122 256 280 391 49 226 
257 192 126 0 133 296 257 168 242 125 186 210 208 280 141 105 
325 59 229 133 0 173 306 205 162 55 316 113 83 163 261 70 
397 124 355 296 173 0 361 280 115 172 464 99 90 190 398 239 
45 341 154 257 306 361 0 101 247 253 252 269 318 465 189 334 
123 243 106 168 205 280 101 0 175 152 228 182 225 365 155 234 
285 151 264 242 162 115 247 175 0 125 383 52 108 265 312 230 
274 92 193 125 55 172 253 152 125 0 294 85 89 212 231 109 
221 375 122 186 316 464 252 228 383 294 0 368 383 465 73 288 
302 99 256 210 113 99 269 182 52 85 368 0 58 217 300 182 
347 44 280 208 83 90 318 225 108 89 383 58 0 158 320 151 
487 124 391 280 163 190 465 365 265 212 465 217 158 0 419 177 
166 318 49 141 261 398 189 155 312 231 73 300 320 419 0 246 
345 117 226 105 70 239 334 234 230 109 288 182 151 177 246 0 
