numofNodes: 16
numofPeriods: 5
VehicleNum: 8
VehicleCapacity: 1000
Node	X    Y      InvCost  	 InitialInv  	MinLevelInv	MaxLevelInv	Demand0     Demand1     Demand2     Demand3     Demand4     
0	338	234	0.31	845	0	3401	960	996	844	703	835	
1	236	270	0.62	40	0	200	87	50	100	67	26	
2	179	307	0.7	24	0	122	61	44	29	49	15	
3	103	286	0.52	59	0	198	36	37	25	66	52	
4	60	306	0.74	83	0	279	10	93	78	30	24	
5	369	150	0.68	60	0	201	67	36	22	38	33	
6	349	388	0.54	86	0	288	52	32	27	60	96	
7	117	380	0.7	55	0	276	79	92	45	45	80	
8	46	310	0.71	35	0	176	87	88	68	46	40	
9	463	148	0.68	59	0	297	31	99	77	74	92	
10	110	240	0.73	59	0	297	99	88	31	53	68	
11	215	13	0.62	76	0	255	52	85	62	42	55	
12	475	93	0.8	31	0	156	36	78	72	63	74	
13	251	263	0.72	81	0	270	82	67	90	11	48	
14	274	232	0.58	60	0	200	100	89	60	32	39	
15	6	128	0.71	37	0	186	81	18	58	27	93	
CostMatrix
0 108 174 240 287 89 154 264 301 151 228 252 196 91 64 348 
108 0 67 133 179 179 163 162 194 257 129 257 297 16 53 270 
174 67 0 78 119 246 188 95 133 325 96 296 365 84 121 248 
240 133 78 0 47 298 266 95 61 385 46 295 419 149 179 185 
287 179 119 47 0 346 300 93 14 432 82 331 466 195 226 186 
89 179 246 298 346 0 238 341 360 94 274 206 120 163 125 363 
154 163 188 266 300 238 0 232 312 265 281 398 320 158 173 430 
264 162 95 95 93 341 232 0 99 416 140 379 458 177 215 275 
301 194 133 61 14 360 312 99 0 447 94 341 480 210 240 186 
151 257 325 385 432 94 265 416 447 0 364 282 56 241 206 457 
228 129 96 46 82 274 281 140 94 364 0 250 393 142 164 152 
252 257 296 295 331 206 398 379 341 282 250 0 272 252 226 238 
196 297 365 419 466 120 320 458 480 56 393 272 0 281 244 470 
91 16 84 149 195 163 158 177 210 241 142 252 281 0 38 279 
64 53 121 179 226 125 173 215 240 206 164 226 244 38 0 287 
348 270 248 185 186 363 430 275 186 457 152 238 470 279 287 0 
