numofNodes: 11
numofPeriods: 5
VehicleNum: 5
VehicleCapacity: 680
Node	X    Y      InvCost  	 InitialInv  	MinLevelInv	MaxLevelInv	Demand0     Demand1     Demand2     Demand3     Demand4     
0	18	323	0.42	480	0	2076	616	373	607	671	461	
1	404	294	0.79	39	0	196	19	85	61	98	42	
2	247	489	0.62	52	0	264	86	16	46	88	31	
3	144	48	0.68	40	0	200	61	30	16	20	100	
4	46	322	0.62	51	0	170	64	22	85	74	19	
5	237	154	0.76	58	0	294	98	15	59	71	36	
6	55	446	0.76	34	0	171	33	32	16	57	17	
7	234	193	0.52	42	0	140	45	49	70	39	57	
8	495	150	0.5	54	0	273	91	13	75	58	85	
9	256	120	0.63	58	0	194	97	77	95	79	63	
10	371	278	0.51	52	0	174	22	34	84	87	11	
CostMatrix
0 387 282 302 28 276 128 252 507 312 355 
387 0 250 357 359 217 380 197 170 228 36 
282 250 0 452 261 335 196 296 420 369 244 
302 357 452 0 290 141 407 170 365 133 323 
28 359 261 290 0 254 124 228 480 291 327 
276 217 335 141 254 0 344 39 258 38 182 
128 380 196 407 124 344 0 309 530 382 357 
252 197 296 170 228 39 309 0 264 76 161 
507 170 420 365 480 258 530 264 0 240 178 
312 228 369 133 291 38 382 76 240 0 195 
355 36 244 323 327 182 357 161 178 195 0 
