numofNodes: 11
numofPeriods: 3
VehicleNum: 5
VehicleCapacity: 670
Node	X    Y      InvCost  	 InitialInv  	MinLevelInv	MaxLevelInv	Demand0     Demand1     Demand2     
0	308	128	0.1	512	0	2275	664	524	587	
1	257	438	0.6	36	0	184	74	77	92	
2	468	481	0.76	57	0	285	44	73	95	
3	68	14	0.72	54	0	270	90	24	45	
4	325	371	0.5	47	0	237	79	44	46	
5	166	34	0.73	57	0	288	96	75	56	
6	487	112	0.72	44	0	222	74	65	20	
7	72	81	0.66	36	0	180	24	60	32	
8	133	249	0.57	52	0	174	87	23	56	
9	225	301	0.78	66	0	222	39	69	74	
10	499	287	0.67	63	0	213	57	14	71	
CostMatrix
0 314 387 265 243 170 179 240 212 191 248 
314 0 215 464 95 414 398 402 226 140 285 
387 215 0 614 180 539 369 562 407 302 196 
265 464 614 0 439 100 430 67 243 327 510 
243 95 180 439 0 372 305 384 227 122 193 
170 414 539 100 372 0 330 105 217 273 418 
179 398 369 430 305 330 0 416 379 323 175 
240 402 562 67 384 105 416 0 178 267 474 
212 226 407 243 227 217 379 178 0 105 367 
191 140 302 327 122 273 323 267 105 0 274 
248 285 196 510 193 418 175 474 367 274 0 
