numofNodes: 11
numofPeriods: 9
VehicleNum: 3
VehicleCapacity: 660
Node	X    Y      InvCost  	 InitialInv  	MinLevelInv	MaxLevelInv	Demand0     Demand1     Demand2     Demand3     Demand4     Demand5     Demand6     Demand7     Demand8     
0	151	135	0.3	629	0	2232	658	517	488	619	492	626	610	532	560	
1	447	441	0.57	57	0	192	15	26	96	67	24	74	64	23	23	
2	91	258	0.71	71	0	237	79	76	65	59	16	54	70	38	60	
3	282	309	0.56	86	0	288	36	74	33	96	47	84	40	60	41	
4	43	414	0.57	89	0	297	99	47	96	70	57	30	19	24	43	
5	484	391	0.65	58	0	194	97	63	28	47	54	71	40	47	82	
6	293	53	0.61	38	0	192	13	94	19	35	96	43	68	67	56	
7	33	468	0.74	88	0	294	78	19	39	25	87	98	62	62	91	
8	338	345	0.59	45	0	150	66	70	11	50	15	38	75	39	20	
9	176	183	0.67	38	0	190	95	21	52	77	42	41	73	91	76	
10	362	0	0.77	59	0	198	80	27	49	93	54	93	99	81	68	
CostMatrix
0 425 136 217 299 420 163 353 281 54 250 
425 0 400 211 404 62 417 414 145 374 449 
136 400 0 197 163 414 287 217 261 113 374 
217 211 197 0 261 218 256 295 66 164 319 
299 404 163 261 0 441 439 54 302 266 522 
420 62 414 218 441 0 388 457 153 371 409 
163 417 287 256 439 388 0 489 295 174 87 
353 414 217 295 54 457 489 0 328 318 572 
281 145 261 66 302 153 295 328 0 229 345 
54 374 113 164 266 371 174 318 229 0 260 
250 449 374 319 522 409 87 572 345 260 0 
