numofNodes: 16
numofPeriods: 5
VehicleNum: 4
VehicleCapacity: 1000
Node	X    Y      InvCost  	 InitialInv  	MinLevelInv	MaxLevelInv	Demand0     Demand1     Demand2     Demand3     Demand4     
0	110	472	0.29	743	0	3030	993	844	779	781	811	
1	15	462	0.5	85	0	285	95	22	77	81	19	
2	312	496	0.72	48	0	243	66	24	81	29	48	
3	11	192	0.79	59	0	198	68	99	38	68	51	
4	215	380	0.72	56	0	188	49	42	15	94	81	
5	32	241	0.56	33	0	168	44	84	37	20	18	
6	130	109	0.73	34	0	172	76	83	42	30	86	
7	230	185	0.68	46	0	156	58	40	55	78	30	
8	130	415	0.56	45	0	150	75	31	25	65	24	
9	92	251	0.69	48	0	240	20	71	49	17	80	
10	170	171	0.71	58	0	291	97	59	57	70	49	
11	237	426	0.57	32	0	160	18	80	23	57	77	
12	52	429	0.72	51	0	172	83	52	86	12	78	
13	207	65	0.62	40	0	200	98	87	75	79	100	
14	291	50	0.52	25	0	128	53	43	63	64	51	
15	332	372	0.63	83	0	279	93	27	56	17	19	
CostMatrix
0 95 203 296 139 243 363 311 60 221 306 135 72 418 459 243 
95 0 298 270 216 221 371 350 124 224 329 224 49 440 495 329 
203 298 0 427 151 378 427 321 199 329 354 102 268 443 446 125 
296 270 427 0 277 53 145 219 252 100 160 325 240 233 313 368 
139 216 151 277 0 229 284 195 91 178 213 50 170 315 338 117 
243 221 378 53 229 0 164 205 199 60 154 276 189 248 321 327 
363 371 427 145 284 164 0 125 306 146 73 334 329 88 171 331 
311 350 321 219 195 205 125 0 250 152 61 241 302 122 148 213 
60 124 199 252 91 199 306 250 0 168 247 107 79 358 398 206 
221 224 329 100 178 60 146 152 168 0 111 227 182 218 282 268 
306 329 354 160 213 154 73 61 247 111 0 263 283 112 171 258 
135 224 102 325 50 276 334 241 107 227 263 0 185 362 379 109 
72 49 268 240 170 189 329 302 79 182 283 185 0 395 448 285 
418 440 443 233 315 248 88 122 358 218 112 362 395 0 85 331 
459 495 446 313 338 321 171 148 398 282 171 379 448 85 0 324 
243 329 125 368 117 327 331 213 206 268 258 109 285 331 324 0 
