numofNodes: 11
numofPeriods: 3
VehicleNum: 3
VehicleCapacity: 660
Node	X    Y      InvCost  	 InitialInv  	MinLevelInv	MaxLevelInv	Demand0     Demand1     Demand2     
0	254	160	0.31	463	0	1951	517	492	660	
1	367	448	0.59	58	0	195	44	42	65	
2	39	456	0.78	27	0	138	12	20	69	
3	14	96	0.68	54	0	183	61	52	56	
4	457	272	0.71	28	0	144	72	37	12	
5	354	295	0.58	48	0	160	66	53	80	
6	273	427	0.64	39	0	198	91	36	99	
7	283	455	0.57	74	0	249	35	83	56	
8	147	278	0.78	53	0	267	41	45	89	
9	208	58	0.58	45	0	228	71	61	76	
10	227	496	0.58	37	0	189	24	63	58	
CostMatrix
0 309 365 248 231 168 267 296 159 111 337 
309 0 328 498 197 153 96 84 278 421 148 
365 328 0 360 456 353 235 244 208 432 192 
248 498 360 0 476 393 420 448 225 197 453 
231 197 456 476 0 105 240 252 310 328 321 
168 153 353 393 105 0 154 175 207 278 237 
267 96 235 420 240 154 0 29 195 374 82 
296 84 244 448 252 175 29 0 223 404 69 
159 278 208 225 310 207 195 223 0 228 232 
111 421 432 197 328 278 374 404 228 0 438 
337 148 192 453 321 237 82 69 232 438 0 
