numofNodes: 11
numofPeriods: 6
VehicleNum: 5
VehicleCapacity: 620
Node	X    Y      InvCost  	 InitialInv  	MinLevelInv	MaxLevelInv	Demand0     Demand1     Demand2     Demand3     Demand4     Demand5     
0	55	134	0.32	518	0	2154	612	490	620	565	484	574	
1	306	377	0.54	39	0	196	78	21	49	54	30	98	
2	359	256	0.65	39	0	196	39	11	98	36	22	86	
3	410	114	0.57	60	0	300	14	59	27	100	79	15	
4	458	399	0.78	69	0	231	68	65	18	69	72	77	
5	90	368	0.62	52	0	174	58	22	87	70	51	43	
6	235	305	0.76	37	0	189	54	63	55	33	56	36	
7	494	352	0.76	72	0	243	66	81	61	62	27	74	
8	211	454	0.78	78	0	261	59	87	72	43	75	10	
9	39	102	0.65	33	0	168	78	54	84	21	57	80	
10	166	111	0.54	39	0	196	98	27	69	77	15	55	
CostMatrix
0 349 327 355 482 236 248 490 356 35 113 
349 0 132 282 153 216 101 189 122 383 300 
327 132 0 150 173 291 133 165 247 355 241 
355 282 150 0 289 408 259 252 393 371 244 
482 153 173 289 0 369 242 59 253 513 410 
236 216 291 408 369 0 158 404 148 270 268 
248 101 133 259 242 158 0 263 150 282 205 
490 189 165 252 59 404 263 0 300 519 407 
356 122 247 393 253 148 150 300 0 391 345 
35 383 355 371 513 270 282 519 391 0 127 
113 300 241 244 410 268 205 407 345 127 0 
