numofNodes: 21
numofPeriods: 5
VehicleNum: 6
VehicleCapacity: 1060
Node	X    Y      InvCost  	 InitialInv  	MinLevelInv	MaxLevelInv	Demand0     Demand1     Demand2     Demand3     Demand4     
0	41	14	0.31	1021	0	4105	937	983	965	839	1053	
1	282	46	0.73	48	0	162	41	60	24	35	81	
2	440	199	0.65	30	0	150	35	50	45	18	23	
3	149	328	0.69	56	0	282	94	61	75	57	66	
4	436	141	0.58	35	0	178	89	22	65	38	54	
5	483	291	0.55	81	0	270	78	90	33	26	77	
6	102	100	0.65	38	0	192	10	39	58	13	64	
7	340	332	0.5	43	0	144	30	54	51	50	25	
8	413	241	0.58	51	0	172	47	86	20	77	45	
9	488	181	0.71	36	0	182	21	46	91	57	58	
10	39	192	0.6	36	0	182	33	25	91	20	18	
11	160	359	0.51	37	0	186	93	59	51	13	61	
12	290	90	0.62	44	0	222	55	34	74	34	46	
13	75	78	0.61	74	0	249	21	20	26	33	83	
14	475	156	0.66	59	0	198	63	48	24	19	66	
15	401	370	0.69	36	0	183	49	61	11	17	29	
16	60	129	0.75	39	0	130	41	37	65	65	13	
17	161	215	0.71	55	0	276	43	80	16	92	77	
18	86	49	0.66	58	0	195	39	22	20	27	65	
19	243	345	0.54	80	0	267	18	33	89	83	38	
20	30	257	0.74	85	0	285	95	56	36	65	64	
CostMatrix
0 243 439 332 414 521 105 436 435 477 178 364 260 72 456 506 116 234 57 387 243 
243 0 219 311 180 316 187 291 234 246 283 335 44 209 222 345 237 207 196 301 328 
439 219 0 318 58 101 352 166 49 51 401 322 185 384 55 175 386 279 384 245 414 
332 311 318 0 342 336 232 191 277 369 174 32 276 260 368 255 217 113 286 95 138 
414 180 58 342 0 157 336 213 102 65 400 351 154 366 41 231 376 284 361 280 422 
521 316 101 336 157 0 426 148 86 110 454 330 278 460 135 113 452 330 464 246 454 
105 187 352 232 336 426 0 332 341 394 111 265 188 34 377 402 51 129 53 282 172 
436 291 166 191 213 148 332 0 116 211 331 182 247 367 221 71 345 213 380 97 318 
435 234 49 277 102 86 341 116 0 96 377 279 194 375 105 129 370 253 379 199 383 
477 246 51 369 65 110 394 211 96 0 449 373 217 425 28 208 431 328 423 294 464 
178 283 401 174 400 454 111 331 377 449 0 206 270 119 437 403 66 124 150 255 65 
364 335 322 32 351 330 265 182 279 373 206 0 298 293 374 241 250 144 318 84 165 
260 44 185 276 154 278 188 247 194 217 270 298 0 215 196 301 233 179 208 259 309 
72 209 384 260 366 460 34 367 375 425 119 293 215 0 407 437 53 161 31 315 184 
456 222 55 368 41 135 377 221 105 28 437 374 196 407 0 226 415 319 403 299 456 
506 345 175 255 231 113 402 71 129 208 403 241 301 437 226 0 417 285 449 159 387 
116 237 386 217 376 452 51 345 370 431 66 250 233 53 415 417 0 132 84 283 131 
234 207 279 113 284 330 129 213 253 328 124 144 179 161 319 285 132 0 182 153 137 
57 196 384 286 361 464 53 380 379 423 150 318 208 31 403 449 84 182 0 335 215 
387 301 245 95 280 246 282 97 199 294 255 84 259 315 299 159 283 153 335 0 230 
243 328 414 138 422 454 172 318 383 464 65 165 309 184 456 387 131 137 215 230 0 
