numofNodes: 21
numofPeriods: 2
VehicleNum: 6
VehicleCapacity: 1200
Node	X    Y      InvCost  	 InitialInv  	MinLevelInv	MaxLevelInv	Demand0     Demand1     
0	60	375	0.25	902	0	3473	1194	1173	
1	434	261	0.8	22	0	110	51	55	
2	49	316	0.5	34	0	174	87	52	
3	284	106	0.66	63	0	213	58	71	
4	413	229	0.74	53	0	177	59	32	
5	134	308	0.8	48	0	243	62	81	
6	139	89	0.51	44	0	148	50	74	
7	252	97	0.55	43	0	144	72	70	
8	390	393	0.64	37	0	188	72	94	
9	485	332	0.6	53	0	178	78	89	
10	324	285	0.64	53	0	177	59	46	
11	411	177	0.67	46	0	234	34	78	
12	275	24	0.58	45	0	150	75	41	
13	221	24	0.79	24	0	123	41	28	
14	381	244	0.67	72	0	243	81	26	
15	132	148	0.63	16	0	80	35	40	
16	462	152	0.74	55	0	186	43	93	
17	442	496	0.7	55	0	186	62	24	
18	6	230	0.7	31	0	156	43	78	
19	471	322	0.63	19	0	66	33	25	
20	161	57	0.51	89	0	297	99	76	
CostMatrix
0 390 60 350 382 99 296 337 330 427 278 402 411 386 346 238 459 400 154 414 333 
390 0 388 215 38 303 341 244 139 87 112 87 285 318 55 322 112 235 429 71 340 
60 388 0 315 374 85 244 298 349 436 276 387 369 338 339 187 444 432 96 422 282 
350 215 315 0 178 251 145 33 305 302 183 145 82 103 168 157 183 420 304 285 132 
382 38 374 178 0 289 307 208 165 125 105 52 247 280 35 292 91 268 407 109 305 
99 303 85 251 289 0 219 241 269 351 191 306 317 297 255 160 363 360 149 337 252 
296 341 244 145 307 219 0 113 394 422 269 285 150 104 287 59 329 507 193 405 38 
337 244 298 33 208 241 113 0 326 330 201 177 76 79 195 130 217 441 279 313 99 
330 139 349 305 165 269 394 326 0 112 126 217 386 405 149 355 251 115 417 107 406 
427 87 436 302 125 351 422 330 112 0 167 171 372 405 136 398 181 169 489 17 424 
278 112 276 183 105 191 269 201 126 167 0 138 265 280 70 235 191 241 322 151 280 
402 87 387 145 52 306 285 177 217 171 138 0 204 243 73 280 56 320 408 156 277 
411 285 369 82 247 317 150 76 386 372 265 204 0 54 244 189 226 500 338 356 118 
386 318 338 103 280 297 104 79 405 405 280 243 54 0 272 152 272 521 297 388 68 
346 55 339 168 35 255 287 195 149 136 70 73 244 272 0 266 122 259 375 119 288 
238 322 187 157 292 160 59 130 355 398 235 280 189 152 266 0 330 466 150 381 95 
459 112 444 183 91 363 329 217 251 181 191 56 226 272 122 330 0 344 462 170 315 
400 235 432 420 268 360 507 441 115 169 241 320 500 521 259 466 344 0 510 176 521 
154 429 96 304 407 149 193 279 417 489 322 408 338 297 375 150 462 510 0 474 232 
414 71 422 285 109 337 405 313 107 17 151 156 356 388 119 381 170 176 474 0 407 
333 340 282 132 305 252 38 99 406 424 280 277 118 68 288 95 315 521 232 407 0 
