numofNodes: 21
numofPeriods: 3
VehicleNum: 6
VehicleCapacity: 1260
Node	X    Y      InvCost  	 InitialInv  	MinLevelInv	MaxLevelInv	Demand0     Demand1     Demand2     
0	388	396	0.28	1042	0	4209	1135	1033	1255	
1	319	275	0.54	88	0	294	48	36	98	
2	183	362	0.8	40	0	200	64	67	100	
3	178	221	0.68	80	0	267	89	18	18	
4	307	286	0.52	29	0	98	36	33	49	
5	99	92	0.59	71	0	237	68	44	79	
6	285	252	0.69	32	0	160	80	22	42	
7	160	423	0.54	29	0	148	30	48	74	
8	317	415	0.58	42	0	213	11	71	54	
9	438	289	0.6	32	0	164	70	72	82	
10	89	282	0.74	39	0	196	58	98	11	
11	214	285	0.51	82	0	276	27	92	71	
12	221	116	0.75	52	0	264	62	88	60	
13	23	119	0.66	57	0	288	85	92	96	
14	333	290	0.62	59	0	198	39	64	66	
15	188	452	0.78	88	0	294	98	12	11	
16	57	249	0.59	34	0	170	85	23	78	
17	378	163	0.69	38	0	190	65	17	95	
18	133	122	0.74	59	0	198	56	46	66	
19	448	231	0.56	27	0	138	46	33	33	
20	380	163	0.58	64	0	216	18	57	72	
CostMatrix
0 139 207 273 136 419 177 229 73 118 319 206 326 458 119 207 362 233 374 175 233 
139 0 161 150 16 286 41 217 140 119 230 105 186 334 20 220 263 126 240 136 127 
207 161 0 141 145 282 150 65 144 265 123 83 248 290 166 90 169 278 245 295 280 
273 150 141 0 144 151 111 202 238 268 107 73 113 185 169 231 124 208 108 270 210 
136 16 145 144 0 284 40 200 129 131 218 93 190 329 26 204 252 142 239 151 143 
419 286 282 151 284 0 245 336 389 392 190 224 124 80 306 370 162 287 45 375 289 
177 41 150 111 40 245 0 211 166 157 198 78 150 293 61 222 228 128 200 164 130 
229 217 65 202 200 336 211 0 157 308 157 148 313 333 218 40 202 339 302 346 340 
73 140 144 238 129 389 166 157 0 174 263 165 314 417 126 134 308 259 345 225 259 
118 119 265 268 131 392 157 308 174 0 349 224 277 448 105 298 383 139 347 58 138 
319 230 123 107 218 190 198 157 263 349 0 125 212 175 244 196 45 312 165 362 314 
206 105 83 73 93 224 78 148 165 224 125 0 169 253 119 169 161 204 182 240 206 
326 186 248 113 190 124 150 313 314 277 212 169 0 198 206 337 211 163 88 254 165 
458 334 290 185 329 80 293 333 417 448 175 253 198 0 354 371 134 357 110 439 359 
119 20 166 169 26 306 61 218 126 105 244 119 206 354 0 217 279 134 261 129 135 
207 220 90 231 204 370 222 40 134 298 196 169 337 371 217 0 241 345 334 341 346 
362 263 169 124 252 162 228 202 308 383 45 161 211 134 279 241 0 332 148 391 334 
233 126 278 208 142 287 128 339 259 139 312 204 163 357 134 345 332 0 248 97 2 
374 240 245 108 239 45 200 302 345 347 165 182 88 110 261 334 148 248 0 333 250 
175 136 295 270 151 375 164 346 225 58 362 240 254 439 129 341 391 97 333 0 96 
233 127 280 210 143 289 130 340 259 138 314 206 165 359 135 346 334 2 250 96 0 
