numofNodes: 21
numofPeriods: 6
VehicleNum: 6
VehicleCapacity: 1440
Node	X    Y      InvCost  	 InitialInv  	MinLevelInv	MaxLevelInv	Demand0     Demand1     Demand2     Demand3     Demand4     Demand5     
0	263	105	0.28	1090	0	4555	1067	1065	1433	1010	1093	1061	
1	293	332	0.66	60	0	200	100	97	95	49	73	16	
2	19	280	0.79	57	0	285	27	46	95	10	69	83	
3	159	232	0.8	36	0	184	80	19	66	32	22	92	
4	493	447	0.8	39	0	196	35	79	98	66	78	94	
5	408	314	0.73	30	0	152	76	57	56	25	54	40	
6	85	375	0.7	58	0	291	58	70	97	97	22	36	
7	250	87	0.78	52	0	176	41	76	44	88	21	28	
8	399	423	0.72	40	0	200	79	69	100	10	63	88	
9	149	317	0.7	57	0	288	17	64	70	20	96	42	
10	341	338	0.57	54	0	270	90	12	79	74	64	19	
11	348	412	0.63	37	0	186	28	36	62	38	28	40	
12	282	403	0.65	69	0	231	33	34	77	52	49	67	
13	117	394	0.61	81	0	273	13	69	91	10	12	64	
14	332	168	0.68	52	0	264	74	32	88	12	77	46	
15	145	493	0.61	90	0	300	100	28	22	86	84	14	
16	48	462	0.69	37	0	186	66	56	44	30	50	93	
17	92	498	0.58	81	0	273	88	12	51	85	91	62	
18	337	10	0.56	37	0	188	32	81	48	94	19	27	
19	222	114	0.59	51	0	172	17	86	75	74	41	54	
20	99	341	0.5	72	0	240	13	42	75	58	80	56	
CostMatrix
0 228 300 164 412 254 323 22 345 240 245 318 298 323 93 405 416 428 120 41 287 
228 0 278 167 230 116 212 248 139 144 48 97 71 186 168 218 277 260 324 229 194 
300 278 0 148 502 390 115 301 406 135 327 354 290 150 332 247 184 229 417 262 100 
164 167 148 0 397 262 161 171 306 85 210 261 210 167 184 261 255 274 284 133 124 
412 230 502 397 0 157 414 434 97 367 187 149 215 379 322 351 445 404 464 429 408 
254 116 390 262 157 0 328 276 109 259 71 114 154 301 164 318 389 365 312 273 310 
323 212 115 161 414 328 0 331 317 86 258 265 198 37 322 132 94 123 443 294 36 
22 248 301 171 434 276 331 0 367 251 266 339 317 334 115 419 425 440 116 38 295 
345 139 406 306 97 109 317 367 0 271 102 52 118 283 263 263 353 316 417 356 311 
240 144 135 85 367 259 86 251 271 0 193 220 158 83 235 176 176 189 359 215 55 
245 48 327 210 187 71 258 266 102 193 0 74 87 230 170 249 318 295 328 253 242 
318 97 354 261 149 114 265 339 52 220 74 0 66 231 244 218 304 270 402 323 258 
298 71 290 210 215 154 198 317 118 158 87 66 0 165 240 163 241 212 396 295 193 
323 186 150 167 379 301 37 334 283 83 230 231 165 0 311 102 96 106 442 299 55 
93 168 332 184 322 164 322 115 263 235 170 244 240 311 0 374 408 408 158 122 290 
405 218 247 261 351 318 132 419 263 176 249 218 163 102 374 0 101 53 519 386 158 
416 277 184 255 445 389 94 425 353 176 318 304 241 96 408 101 0 56 536 389 131 
428 260 229 274 404 365 123 440 316 189 295 270 212 106 408 53 56 0 546 405 157 
120 324 417 284 464 312 443 116 417 359 328 402 396 442 158 519 536 546 0 155 407 
41 229 262 133 429 273 294 38 356 215 253 323 295 299 122 386 389 405 155 0 258 
287 194 100 124 408 310 36 295 311 55 242 258 193 55 290 158 131 157 407 258 0 
