numofNodes: 21
numofPeriods: 9
VehicleNum: 6
VehicleCapacity: 1310
Node	X    Y      InvCost  	 InitialInv  	MinLevelInv	MaxLevelInv	Demand0     Demand1     Demand2     Demand3     Demand4     Demand5     Demand6     Demand7     Demand8     
0	111	395	0.48	1135	0	4484	1253	1094	1178	974	1232	1252	968	1096	1310	
1	305	2	0.58	49	0	249	42	33	27	27	59	53	51	83	10	
2	375	174	0.63	85	0	285	77	37	95	63	45	22	13	93	10	
3	109	210	0.66	54	0	273	66	89	85	91	15	42	31	73	80	
4	248	348	0.76	60	0	300	14	64	67	85	55	80	100	74	74	
5	335	315	0.72	59	0	198	93	19	53	22	81	78	56	99	91	
6	118	443	0.63	33	0	168	63	72	70	20	72	75	60	54	84	
7	75	76	0.53	60	0	300	22	70	77	54	100	70	57	69	90	
8	167	55	0.65	56	0	188	49	94	21	71	12	62	11	67	67	
9	86	445	0.72	33	0	168	28	75	35	38	67	84	53	49	78	
10	431	475	0.51	37	0	186	93	51	53	42	90	73	18	54	47	
11	438	353	0.58	81	0	270	90	64	90	18	84	47	67	29	17	
12	86	386	0.6	54	0	182	91	14	60	49	57	72	48	23	78	
13	62	457	0.54	85	0	285	66	33	41	95	72	93	26	61	94	
14	330	282	0.6	84	0	282	22	17	52	94	87	63	89	12	83	
15	36	154	0.68	56	0	188	41	58	31	50	89	84	17	55	94	
16	104	74	0.78	60	0	200	48	47	42	22	52	15	100	47	66	
17	309	263	0.79	39	0	198	97	78	87	10	59	99	42	21	32	
18	432	388	0.76	34	0	174	56	74	78	49	11	71	23	33	87	
19	429	54	0.71	58	0	196	98	14	54	41	31	11	78	15	36	
20	146	449	0.63	58	0	194	97	91	60	33	94	58	28	85	92	
CostMatrix
0 438 344 185 144 237 48 321 344 55 329 329 26 79 246 252 321 237 321 466 64 
438 0 185 285 350 314 479 241 147 494 489 375 442 515 281 308 213 261 406 134 474 
344 185 0 268 215 146 372 315 239 396 306 189 358 421 117 339 288 110 221 131 357 
185 285 268 0 195 249 233 138 165 236 417 358 177 251 232 92 136 206 368 356 241 
144 350 215 195 0 93 161 322 303 188 222 190 166 215 105 287 309 104 188 345 143 
237 314 146 249 93 0 251 353 309 280 186 109 258 307 33 339 333 58 121 277 231 
48 479 372 233 161 251 0 369 391 32 314 332 65 57 266 300 369 262 318 498 28 
321 241 315 138 322 353 369 0 94 369 534 456 310 381 327 87 29 299 474 354 379 
344 147 239 165 303 309 391 94 0 398 496 402 340 415 279 164 65 251 425 262 394 
55 494 396 236 188 280 32 369 398 0 346 363 59 26 293 295 371 287 350 520 60 
329 489 306 417 222 186 314 534 496 346 0 122 356 369 217 508 517 244 87 421 286 
329 375 189 358 190 109 332 456 402 363 122 0 353 390 129 448 435 157 35 299 307 
26 442 358 177 166 258 65 310 340 59 356 353 0 74 265 237 312 254 346 477 87 
79 515 421 251 215 307 57 381 415 26 369 390 74 0 320 304 385 314 376 545 84 
246 281 117 232 105 33 266 327 279 293 217 129 265 320 0 320 307 28 147 248 248 
252 308 339 92 287 339 300 87 164 295 508 448 237 304 320 0 104 293 459 405 314 
321 213 288 136 309 333 369 29 65 371 517 435 312 385 307 104 0 278 454 325 377 
237 261 110 206 104 58 262 299 251 287 244 157 254 314 28 293 278 0 175 241 247 
321 406 221 368 188 121 318 474 425 350 87 35 346 376 147 459 454 175 0 334 292 
466 134 131 356 345 277 498 354 262 520 421 299 477 545 248 405 325 241 334 0 485 
64 474 357 241 143 231 28 379 394 60 286 307 87 84 248 314 377 247 292 485 0 
