numofNodes: 31
numofPeriods: 3
VehicleNum: 9
VehicleCapacity: 1900
Node	X    Y      InvCost  	 InitialInv  	MinLevelInv	MaxLevelInv	Demand0     Demand1     Demand2     
0	384	14	0.21	1511	0	6281	1727	1900	1624	
1	109	228	0.79	43	0	146	15	73	45	
2	246	118	0.51	86	0	288	29	96	70	
3	1	161	0.76	51	0	258	50	55	86	
4	92	290	0.61	38	0	190	86	74	95	
5	377	335	0.63	46	0	234	23	78	37	
6	290	60	0.62	54	0	183	28	61	18	
7	36	367	0.68	36	0	182	75	78	91	
8	94	271	0.58	87	0	291	15	64	97	
9	280	343	0.61	33	0	168	80	84	21	
10	121	305	0.51	57	0	192	21	86	96	
11	485	38	0.54	48	0	240	10	15	80	
12	466	371	0.53	48	0	160	80	67	47	
13	403	176	0.69	39	0	132	65	66	62	
14	1	455	0.8	49	0	246	80	31	82	
15	33	99	0.73	38	0	194	97	12	21	
16	287	3	0.72	57	0	288	64	96	81	
17	82	296	0.68	39	0	195	65	47	39	
18	24	18	0.8	51	0	255	81	85	16	
19	390	196	0.58	81	0	270	90	27	46	
20	110	231	0.53	88	0	294	98	15	60	
21	454	272	0.54	39	0	198	53	42	66	
22	485	490	0.5	42	0	213	40	33	71	
23	173	36	0.69	51	0	172	67	86	26	
24	447	151	0.76	43	0	216	43	72	17	
25	468	101	0.8	43	0	219	48	73	34	
26	443	139	0.68	53	0	177	59	58	19	
27	377	270	0.6	24	0	122	25	60	61	
28	1	229	0.79	53	0	178	51	89	22	
29	114	248	0.61	37	0	188	93	94	37	
30	482	74	0.76	57	0	192	96	83	81	
CostMatrix
0 348 172 410 401 321 104 495 387 345 392 103 366 163 584 361 97 413 360 182 349 267 486 212 150 120 138 256 439 357 114 
348 0 175 127 64 288 246 157 45 206 77 421 384 298 251 149 286 73 226 282 3 347 458 202 346 380 345 271 108 20 403 
172 175 0 248 230 253 72 325 215 227 224 252 335 167 416 213 122 242 243 163 176 258 442 109 203 222 198 200 268 185 240 
410 127 248 0 157 414 306 208 144 333 187 499 510 402 294 69 326 157 144 390 129 466 585 212 446 470 442 391 68 142 488 
401 64 230 157 0 288 303 95 19 195 32 466 382 331 188 199 346 11 280 312 61 362 440 266 381 420 382 285 109 47 445 
321 288 253 414 288 0 288 342 290 97 257 316 96 161 394 417 343 297 474 139 286 99 188 361 196 251 206 65 390 277 281 
104 246 72 306 303 288 0 398 287 283 297 196 357 161 489 259 57 314 269 168 248 268 472 119 181 182 172 227 334 257 192 
495 157 325 208 95 342 398 0 112 245 105 556 430 413 94 268 442 84 349 393 154 428 465 358 464 507 466 354 142 142 533 
387 45 215 144 19 290 287 112 0 199 43 455 385 323 206 182 330 27 262 305 43 360 448 247 372 410 373 283 102 30 435 
345 206 227 333 195 97 283 245 199 0 163 367 188 207 300 347 340 203 413 183 203 187 252 325 254 306 261 121 301 191 336 
392 77 224 187 32 257 297 105 43 163 0 451 351 310 192 224 344 40 302 290 74 334 408 273 360 402 362 258 142 57 428 
103 421 252 499 466 316 196 556 455 367 451 0 333 160 638 456 201 478 461 184 421 236 452 312 119 65 109 255 520 426 36 
366 384 335 510 382 96 357 430 385 188 351 333 0 204 472 511 409 391 565 190 382 99 120 445 220 270 233 134 486 372 297 
163 298 167 402 331 161 161 413 323 207 310 160 204 0 489 377 208 342 410 23 298 108 324 269 50 99 54 97 405 297 129 
584 251 416 294 188 394 489 94 206 300 192 638 472 489 0 357 534 178 437 467 249 488 485 452 539 586 543 419 226 235 613 
361 149 213 69 199 417 259 268 182 347 224 456 511 377 357 0 271 203 81 369 152 455 597 153 417 435 411 384 133 169 449 
97 286 122 326 346 343 57 442 330 340 344 201 409 208 534 271 0 357 263 218 288 316 525 118 217 205 206 281 364 299 207 
413 73 242 157 11 297 314 84 27 203 40 478 391 342 178 203 357 0 283 323 70 372 447 275 392 432 393 296 105 57 457 
360 226 243 144 280 474 269 349 262 413 302 461 565 410 437 81 263 283 0 406 229 499 659 150 443 451 436 433 212 246 461 
182 282 163 390 312 139 168 393 305 183 290 184 190 23 467 369 218 323 406 0 282 99 308 269 72 122 77 75 390 280 152 
349 3 176 129 61 286 248 154 43 203 74 421 382 298 249 152 288 70 229 282 0 346 455 204 346 380 345 269 109 17 403 
267 347 258 466 362 99 268 428 360 187 334 236 99 108 488 455 316 372 499 99 346 0 220 366 121 171 133 77 455 340 199 
486 458 442 585 440 188 472 465 448 252 408 452 120 324 485 597 525 447 659 308 455 220 0 550 341 389 353 245 549 442 416 
212 202 109 212 266 361 119 358 247 325 273 312 445 269 452 153 118 275 150 269 204 366 550 0 297 302 288 310 258 220 311 
150 346 203 446 381 196 181 464 372 254 360 119 220 50 539 417 217 392 443 72 346 121 341 297 0 54 12 138 452 346 84 
120 380 222 470 420 251 182 507 410 306 402 65 270 99 586 435 205 432 451 122 380 171 389 302 54 0 45 191 484 383 30 
138 345 198 442 382 206 172 466 373 261 362 109 233 54 543 411 206 393 436 77 345 133 353 288 12 45 0 146 451 346 75 
256 271 200 391 285 65 227 354 283 121 258 255 134 97 419 384 281 296 433 75 269 77 245 310 138 191 146 0 378 263 222 
439 108 268 68 109 390 334 142 102 301 142 520 486 405 226 133 364 105 212 390 109 455 549 258 452 484 451 378 0 114 505 
357 20 185 142 47 277 257 142 30 191 57 426 372 297 235 169 299 57 246 280 17 340 442 220 346 383 346 263 114 0 407 
114 403 240 488 445 281 192 533 435 336 428 36 297 129 613 449 207 457 461 152 403 199 416 311 84 30 75 222 505 407 0 
