numofNodes: 31
numofPeriods: 5
VehicleNum: 9
VehicleCapacity: 1950
Node	X    Y      InvCost  	 InitialInv  	MinLevelInv	MaxLevelInv	Demand0     Demand1     Demand2     Demand3     Demand4     
0	181	50	0.46	1579	0	6578	1583	1948	1635	1679	1451	
1	381	495	0.58	88	0	294	54	89	68	98	95	
2	394	441	0.53	85	0	285	76	95	78	45	22	
3	446	158	0.51	37	0	186	34	93	16	73	22	
4	304	163	0.54	70	0	234	44	50	78	33	56	
5	94	433	0.52	57	0	285	48	47	95	90	11	
6	196	269	0.71	32	0	160	50	76	80	35	38	
7	215	0	0.52	47	0	237	51	79	47	35	11	
8	480	344	0.61	31	0	158	33	29	20	79	28	
9	462	4	0.5	56	0	282	13	31	65	94	10	
10	36	144	0.74	38	0	192	96	92	47	95	32	
11	388	462	0.69	29	0	148	46	67	20	14	74	
12	33	369	0.6	35	0	178	69	87	28	89	73	
13	484	42	0.63	51	0	255	85	85	33	39	21	
14	129	203	0.61	58	0	291	11	60	75	82	97	
15	336	237	0.51	58	0	291	28	97	88	73	97	
16	284	85	0.55	38	0	194	90	97	13	19	86	
17	223	428	0.72	53	0	178	89	78	70	60	12	
18	122	416	0.62	88	0	294	31	98	55	67	22	
19	295	153	0.7	39	0	195	45	65	47	20	36	
20	34	425	0.55	54	0	273	46	91	46	47	43	
21	396	405	0.67	37	0	186	93	49	92	77	57	
22	64	389	0.5	46	0	231	74	76	77	29	71	
23	80	230	0.75	83	0	279	11	61	93	45	77	
24	108	171	0.54	46	0	154	14	42	59	30	77	
25	22	82	0.62	34	0	116	58	10	26	41	45	
26	211	151	0.64	18	0	92	46	37	14	13	24	
27	253	411	0.79	82	0	276	69	31	42	88	92	
28	333	262	0.71	49	0	164	82	14	58	30	25	
29	475	405	0.66	54	0	182	64	91	51	43	13	
30	368	9	0.64	86	0	288	33	31	54	96	84	
CostMatrix
0 487 445 286 167 392 219 60 419 284 172 461 351 303 161 242 108 380 370 153 402 415 358 206 141 162 105 368 260 460 191 
487 0 55 343 340 293 292 522 180 497 492 33 370 464 385 261 421 171 270 352 353 91 334 401 423 547 383 153 237 130 486 
445 55 0 287 292 300 262 475 129 442 465 21 368 409 356 212 372 171 273 304 360 36 334 378 393 516 342 144 189 88 432 
286 343 287 0 142 446 273 279 189 154 410 309 463 122 320 135 177 350 414 151 490 252 446 373 338 430 235 318 153 248 168 
167 340 292 142 0 342 151 185 252 224 268 310 340 216 179 80 80 277 311 13 376 258 329 233 196 293 93 253 103 296 166 
392 293 300 446 342 0 193 449 396 565 294 295 88 552 232 311 396 129 32 344 60 303 53 203 262 358 305 160 293 382 504 
219 292 262 273 151 193 0 269 293 375 203 272 191 366 94 143 203 161 164 152 224 241 178 122 131 255 118 153 137 310 311 
60 522 475 279 185 449 269 0 434 247 229 493 411 272 220 266 109 428 426 172 461 443 417 266 201 209 151 412 287 481 153 
419 180 129 189 252 396 293 434 0 340 486 149 447 302 378 179 324 270 365 265 453 103 418 415 410 527 331 236 168 61 353 
284 497 442 154 224 565 375 247 340 0 448 463 563 43 387 264 195 486 534 223 600 406 553 443 391 446 290 457 288 401 94 
172 492 465 410 268 294 203 229 486 448 0 474 225 459 110 314 254 340 285 259 281 444 246 96 76 63 175 344 319 510 358 
461 33 21 309 310 295 272 493 149 463 474 0 366 430 366 230 391 168 269 322 355 57 332 385 403 527 357 144 207 104 453 
351 370 368 463 340 88 191 411 447 563 225 366 0 557 191 330 379 198 100 339 56 364 36 146 211 287 281 223 318 443 491 
303 464 409 122 216 552 366 272 302 43 459 430 557 0 389 244 204 465 520 219 590 373 544 445 397 463 293 435 266 363 120 
161 385 356 320 179 232 94 220 378 387 110 366 191 389 0 209 194 243 213 173 241 334 197 55 38 161 97 242 212 400 307 
242 261 212 135 80 311 143 266 179 264 314 230 330 244 209 0 160 221 278 93 355 178 311 256 237 350 151 192 25 218 230 
108 421 372 177 80 396 203 109 324 195 254 391 379 204 194 160 0 348 368 68 422 339 375 250 195 262 98 327 183 372 113 
380 171 171 350 277 129 161 428 270 486 340 168 198 465 243 221 348 0 101 284 189 174 163 244 281 400 277 34 199 253 443 
370 270 273 414 311 32 164 426 365 534 285 269 100 520 213 278 368 101 0 314 88 274 63 190 245 348 279 131 261 353 475 
153 352 304 151 13 344 152 172 265 223 259 322 339 219 173 93 68 284 314 0 376 271 330 228 187 282 84 261 115 309 161 
402 353 360 490 376 60 224 461 453 600 281 355 56 590 241 355 422 189 88 376 0 362 46 200 264 343 326 219 340 441 533 
415 91 36 252 258 303 241 443 103 406 444 57 364 373 334 178 339 174 274 271 362 0 332 361 371 494 314 143 156 79 396 
358 334 334 446 329 53 178 417 418 553 246 332 36 544 197 311 375 163 63 330 46 332 0 159 222 309 279 190 297 411 486 
206 401 378 373 233 203 122 266 415 443 96 385 146 445 55 256 250 244 190 228 200 361 159 0 65 158 152 250 255 432 363 
141 423 393 338 196 262 131 201 410 391 76 403 211 397 38 237 195 281 245 187 264 371 222 65 0 123 104 280 242 435 306 
162 547 516 430 293 358 255 209 527 446 63 527 287 463 161 350 262 400 348 282 343 494 309 158 123 0 201 401 359 556 353 
105 383 342 235 93 305 118 151 331 290 175 357 281 293 97 151 98 277 279 84 326 314 279 152 104 201 0 263 164 366 211 
368 153 144 318 253 160 153 412 236 457 344 144 223 435 242 192 327 34 131 261 219 143 190 250 280 401 263 0 169 222 418 
260 237 189 153 103 293 137 287 168 288 319 207 318 266 212 25 183 199 261 115 340 156 297 255 242 359 164 169 0 201 255 
460 130 88 248 296 382 310 481 61 401 510 104 443 363 400 218 372 253 353 309 441 79 411 432 435 556 366 222 201 0 410 
191 486 432 168 166 504 311 153 353 94 358 453 491 120 307 230 113 443 475 161 533 396 486 363 306 353 211 418 255 410 0 
