numofNodes: 31
numofPeriods: 2
VehicleNum: 9
VehicleCapacity: 1840
Node	X    Y      InvCost  	 InitialInv  	MinLevelInv	MaxLevelInv	Demand0     Demand1     
0	244	253	0.44	1434	0	5794	1654	1834	
1	455	327	0.71	76	0	255	55	85	
2	228	156	0.71	14	0	48	24	12	
3	75	382	0.72	34	0	172	86	12	
4	102	457	0.72	27	0	90	36	45	
5	64	482	0.58	72	0	240	80	62	
6	328	256	0.77	27	0	92	46	40	
7	296	78	0.71	36	0	180	90	85	
8	453	334	0.73	48	0	162	61	81	
9	33	282	0.61	58	0	196	21	98	
10	147	18	0.54	48	0	240	62	80	
11	111	441	0.53	19	0	66	22	13	
12	308	477	0.51	49	0	249	83	62	
13	331	211	0.78	54	0	270	90	24	
14	156	275	0.67	82	0	276	52	92	
15	104	473	0.79	29	0	147	49	34	
16	270	417	0.74	36	0	180	56	60	
17	281	42	0.58	58	0	196	98	69	
18	245	224	0.54	38	0	128	26	64	
19	250	452	0.6	60	0	300	20	100	
20	313	350	0.61	34	0	172	10	86	
21	411	154	0.67	58	0	196	35	98	
22	262	133	0.77	57	0	288	96	93	
23	288	400	0.6	58	0	195	52	65	
24	160	31	0.63	81	0	270	48	90	
25	152	154	0.64	70	0	234	78	48	
26	381	151	0.8	23	0	78	26	18	
27	137	232	0.6	60	0	300	100	58	
28	32	464	0.78	33	0	166	16	83	
29	278	165	0.62	41	0	138	46	12	
30	99	362	0.55	54	0	270	90	65	
CostMatrix
0 223 98 212 248 291 84 182 224 212 254 230 232 96 90 260 166 214 29 199 119 194 121 153 237 135 170 109 299 94 181 
223 0 284 383 376 420 145 295 7 424 436 362 210 169 303 380 205 333 233 240 143 178 273 182 417 348 190 331 444 239 357 
98 284 0 272 326 364 141 103 286 232 160 308 330 116 139 340 264 125 70 296 211 183 41 251 142 76 153 118 365 50 243 
212 383 272 0 79 100 282 375 381 108 371 69 251 307 134 95 198 397 232 188 240 406 311 213 361 240 383 162 92 297 31 
248 376 326 79 0 45 302 425 371 188 441 18 206 336 189 16 172 451 273 148 236 432 361 194 429 307 414 227 70 340 95 
291 420 364 100 45 0 347 465 416 202 471 62 244 380 226 41 216 490 315 188 281 477 401 238 461 339 458 260 36 382 125 
84 145 141 282 302 347 0 180 147 296 299 285 221 45 173 311 171 219 88 210 95 131 139 149 280 203 117 192 361 103 252 
182 295 103 375 425 465 180 0 300 332 160 407 399 137 241 439 339 39 154 376 272 137 64 322 143 162 112 221 467 88 345 
224 7 286 381 371 416 147 300 0 423 439 358 203 173 302 375 200 338 235 234 140 184 277 177 421 350 196 332 440 243 355 
212 424 232 108 188 202 296 332 423 0 287 177 337 306 123 203 272 345 219 275 288 399 273 280 281 174 371 115 182 271 103 
254 436 160 371 441 471 299 160 439 287 0 424 486 266 257 457 417 136 228 446 371 296 162 407 18 136 269 214 460 196 347 
230 362 308 69 18 62 285 407 358 177 424 0 200 318 171 32 160 433 255 139 221 415 343 181 412 289 396 210 82 322 79 
232 210 330 251 206 244 221 399 203 337 486 200 0 266 252 204 71 435 260 63 127 339 347 79 469 358 334 298 276 313 238 
96 169 116 307 336 380 45 137 173 306 266 318 266 0 186 346 214 176 86 254 140 98 104 193 248 187 78 195 391 70 276 
90 303 139 134 189 226 173 241 302 123 257 171 252 186 0 204 182 264 102 200 173 282 177 181 244 121 256 47 226 164 104 
260 380 340 95 16 41 311 439 375 203 457 32 204 346 204 0 175 465 286 147 242 442 374 197 445 322 424 243 72 353 111 
166 205 264 198 172 216 171 339 200 272 417 160 71 214 182 175 0 375 194 40 79 298 284 24 401 288 288 227 242 252 179 
214 333 125 397 451 490 219 39 338 345 136 433 435 176 264 465 375 0 185 411 309 171 92 358 121 170 147 238 489 123 368 
29 233 70 232 273 315 88 154 235 219 228 255 260 86 102 286 194 185 0 228 143 180 92 181 210 116 154 108 320 67 200 
199 240 296 188 148 188 210 376 234 275 446 139 63 254 200 147 40 411 228 0 119 338 319 64 430 313 328 247 218 288 175 
119 143 211 240 236 281 95 272 140 288 371 221 127 140 173 242 79 309 143 119 0 219 222 55 353 253 210 211 303 188 214 
194 178 183 406 432 477 131 137 184 399 296 415 339 98 282 442 298 171 180 338 219 0 150 275 279 259 30 284 489 133 374 
121 273 41 311 361 401 139 64 277 273 162 343 347 104 177 374 284 92 92 319 222 150 0 268 144 111 120 159 403 35 281 
153 182 251 213 194 238 149 322 177 280 407 181 79 193 181 197 24 358 181 64 55 275 268 0 390 281 265 225 263 235 192 
237 417 142 361 429 461 280 143 421 281 18 412 469 248 244 445 401 121 210 430 353 279 144 390 0 123 251 202 451 178 336 
135 348 76 240 307 339 203 162 350 174 136 289 358 187 121 322 288 170 116 313 253 259 111 281 123 0 229 79 332 126 214 
170 190 153 383 414 458 117 112 196 371 269 396 334 78 256 424 288 147 154 328 210 30 120 265 251 229 0 257 468 103 352 
109 331 118 162 227 260 192 221 332 115 214 210 298 195 47 243 227 238 108 247 211 284 159 225 202 79 257 0 254 156 135 
299 444 365 92 70 36 361 467 440 182 460 82 276 391 226 72 242 489 320 218 303 489 403 263 451 332 468 254 0 387 122 
94 239 50 297 340 382 103 88 243 271 196 322 313 70 164 353 252 123 67 288 188 133 35 235 178 126 103 156 387 0 266 
181 357 243 31 95 125 252 345 355 103 347 79 238 276 104 111 179 368 200 175 214 374 281 192 336 214 352 135 122 266 0 
