numofNodes: 6
numofPeriods: 9
VehicleNum: 1
VehicleCapacity: 380
Node	X    Y      InvCost  	 InitialInv  	MinLevelInv	MaxLevelInv	Demand0     Demand1     Demand2     Demand3     Demand4     Demand5     Demand6     Demand7     Demand8     
0	330	319	0.36	255	0	1050	228	372	166	291	197	242	363	340	341	
1	22	392	0.56	38	0	192	39	96	21	71	83	76	93	82	87	
2	184	440	0.63	83	0	279	57	83	72	76	27	54	93	77	42	
3	141	434	0.54	28	0	140	28	56	29	51	15	56	70	28	69	
4	492	311	0.54	49	0	249	64	59	19	71	60	40	30	83	48	
5	371	412	0.79	57	0	190	40	78	25	22	12	16	77	70	95	
CostMatrix
0 316 189 221 162 101 
316 0 168 126 476 349 
189 168 0 43 333 189 
221 126 43 0 371 231 
162 476 333 371 0 157 
101 349 189 231 157 0 
