numofNodes: 6
numofPeriods: 5
VehicleNum: 1
VehicleCapacity: 390
Node	X    Y      InvCost  	 InitialInv  	MinLevelInv	MaxLevelInv	Demand0     Demand1     Demand2     Demand3     Demand4     
0	396	496	0.46	325	0	1254	240	383	236	267	339	
1	291	212	0.61	86	0	288	96	89	28	15	50	
2	256	479	0.63	54	0	180	90	38	23	51	89	
3	490	451	0.67	86	0	288	12	90	88	96	92	
4	128	241	0.63	44	0	222	10	74	23	54	64	
5	132	54	0.5	55	0	276	32	92	74	51	44	
CostMatrix
0 302 141 104 369 514 
302 0 269 311 165 224 
141 269 0 235 270 442 
104 311 235 0 418 534 
369 165 270 418 0 187 
514 224 442 534 187 0 
